{
    "wordnet": {
        "path": 0.49849248829295956,
        "lch": 0.49604190501569656,
        "wup": 0.45500538456371514,
        "res": {
            "bnc": 0.42155573374440486,
            "semcor": 0.3620145806699351,
            "shaks": 0.40107438992515704,
            "brown": 0.41680242437128656,
            "treebank": 0.4151692821109224
        },
        "jcn": {
            "bnc": 0.4894230408532388,
            "semcor": 0.4940176493601078,
            "shaks": 0.40823670976275295,
            "brown": 0.48231918119098216,
            "treebank": 0.46600609845544283
        },
        "lin": {
            "bnc": 0.5006613071745352,
            "semcor": 0.5022365681958145,
            "shaks": 0.4212091118688091,
            "brown": 0.49316716989436044,
            "treebank": 0.48196149589125725
        }
    },
    "google_search": {
        "jaccard": 0.192150115381344,
        "overlap": 0.1522908944829982,
        "dice": 0.19467352767275206,
        "pmi": 0.1710752435967949,
        "ngd": -0.20024528747034684
    },
    "word2vec": {
        "GoogleNews": 0.6713097016879208,
        "Wiki": 0.7279245740173242
    }
}